{
    "dragnet": {
        "accuracy": 0.0547945205479452,
        "accuracy_std": 0.013093994685835681,
        "f1": 0.559548948179575,
        "f1_std": 0.022893125004113224,
        "precision": 0.7391866664434846,
        "precision_std": 0.022233968836024322,
        "recall": 0.4501525303429288,
        "recall_std": 0.02403228525068473,
        "tp_fp_fns": [
            [
                0.6206896551724138,
                0.15517241379310345,
                0.22413793103448276
            ],
            [
                1.0,
                0.0,
                0.0
            ],
            [
                0.7889447236180904,
                0.032663316582914576,
                0.17839195979899497
            ],
            [
                0.0,
                0.7281553398058253,
                0.27184466019417475
            ],
            [
                0.30578512396694213,
                0.10743801652892562,
                0.5867768595041323
            ],
            [
                0.0,
                0.7058823529411765,
                0.29411764705882354
            ],
            [
                0.9501779359430605,
                0.0498220640569395,
                0.0
            ],
            [
                0.0,
                0.11612903225806452,
                0.8838709677419355
            ],
            [
                0.033707865168539325,
                0.0,
                0.9662921348314607
            ],
            [
                0.0,
                0.0,
                1.0
            ],
            [
                0.46415770609318996,
                0.1586021505376344,
                0.3772401433691756
            ],
            [
                0.16666666666666666,
                0.0,
                0.8333333333333334
            ],
            [
                0.32142857142857145,
                0.125,
                0.5535714285714286
            ],
            [
                0.058823529411764705,
                0.11764705882352941,
                0.8235294117647058
            ],
            [
                0.816923076923077,
                0.1123076923076923,
                0.07076923076923076
            ],
            [
                0.8055555555555556,
                0.0625,
                0.13194444444444445
            ],
            [
                0.12210526315789473,
                0.1368421052631579,
                0.7410526315789474
            ],
            [
                0.87248322147651,
                0.1174496644295302,
                0.010067114093959731
            ],
            [
                0.949671772428884,
                0.05032822757111598,
                0.0
            ],
            [
                0.30392156862745096,
                0.029411764705882353,
                0.6666666666666666
            ],
            [
                0.0,
                0.0,
                1.0
            ],
            [
                0.41786743515850144,
                0.09510086455331412,
                0.48703170028818443
            ],
            [
                0.0,
                0.0,
                1.0
            ],
            [
                0.7163120567375887,
                0.06382978723404255,
                0.2198581560283688
            ],
            [
                0.2,
                0.0,
                0.8
            ],
            [
                0.0,
                0.0,
                1.0
            ],
            [
                0.9650485436893204,
                0.027184466019417475,
                0.007766990291262136
            ],
            [
                0.9746835443037974,
                0.02531645569620253,
                0.0
            ],
            [
                0.9514066496163683,
                0.04859335038363171,
                0.0
            ],
            [
                0.9617834394904459,
                0.03821656050955414,
                0.0
            ],
            [
                1.0,
                0.0,
                0.0
            ],
            [
                0.9806678383128296,
                0.0,
                0.019332161687170474
            ],
            [
                0.6624405705229794,
                0.1537242472266244,
                0.1838351822503962
            ],
            [
                1.0,
                0.0,
                0.0
            ],
            [
                0.9430485762144054,
                0.05695142378559464,
                0.0
            ],
            [
                0.40350877192982454,
                0.05263157894736842,
                0.543859649122807
            ],
            [
                0.5536723163841808,
                0.030508474576271188,
                0.415819209039548
            ],
            [
                0.0,
                0.03333333333333333,
                0.9666666666666667
            ],
            [
                0.4834710743801653,
                0.09090909090909091,
                0.4256198347107438
            ],
            [
                0.0,
                0.0,
                1.0
            ],
            [
                0.7345679012345679,
                0.018518518518518517,
                0.24691358024691357
            ],
            [
                0.9166666666666666,
                0.07936507936507936,
                0.003968253968253968
            ],
            [
                0.9750922509225092,
                0.016605166051660517,
                0.008302583025830259
            ],
            [
                0.9150943396226415,
                0.04245283018867924,
                0.04245283018867924
            ],
            [
                0.9822485207100592,
                0.0,
                0.01775147928994083
            ],
            [
                1.0,
                0.0,
                0.0
            ],
            [
                0.6492146596858639,
                0.11343804537521815,
                0.23734729493891799
            ],
            [
                0.39926062846580407,
                0.22920517560073936,
                0.37153419593345655
            ],
            [
                0.14473684210526316,
                0.06578947368421052,
                0.7894736842105263
            ],
            [
                0.7860576923076923,
                0.20673076923076922,
                0.007211538461538462
            ],
            [
                0.6460843373493976,
                0.030120481927710843,
                0.32379518072289154
            ],
            [
                0.0,
                0.3875,
                0.6125
            ],
            [
                0.9112050739957717,
                0.006342494714587738,
                0.0824524312896406
            ],
            [
                1.0,
                0.0,
                0.0
            ],
            [
                0.40616966580976865,
                0.08226221079691516,
                0.5115681233933161
            ],
            [
                0.0,
                0.0,
                1.0
            ],
            [
                0.9964249233912156,
                0.0,
                0.003575076608784474
            ],
            [
                0.025380710659898477,
                0.04060913705583756,
                0.934010152284264
            ],
            [
                0.5342465753424658,
                0.2465753424657534,
                0.2191780821917808
            ],
            [
                0.0,
                0.0625,
                0.9375
            ],
            [
                0.0,
                0.5526315789473685,
                0.4473684210526316
            ],
            [
                0.15584415584415584,
                0.03896103896103896,
                0.8051948051948052
            ],
            [
                0.0,
                0.1419753086419753,
                0.8580246913580247
            ],
            [
                0.38081805359661497,
                0.610719322990127,
                0.00846262341325811
            ],
            [
                0.6041666666666666,
                0.0,
                0.3958333333333333
            ],
            [
                0.0,
                0.0,
                1.0
            ],
            [
                0.0,
                0.0,
                1.0
            ],
            [
                0.6572769953051644,
                0.07511737089201878,
                0.2676056338028169
            ],
            [
                0.0851063829787234,
                0.0,
                0.9148936170212766
            ],
            [
                0.9466929911154985,
                0.01085883514313919,
                0.04244817374136229
            ],
            [
                0.954954954954955,
                0.036036036036036036,
                0.009009009009009009
            ],
            [
                0.3194444444444444,
                0.09722222222222222,
                0.5833333333333334
            ],
            [
                0.09945750452079566,
                0.009041591320072333,
                0.891500904159132
            ],
            [
                0.9751243781094527,
                0.0,
                0.024875621890547265
            ],
            [
                0.7012987012987013,
                0.03896103896103896,
                0.2597402597402597
            ],
            [
                0.07352941176470588,
                0.0,
                0.9264705882352942
            ],
            [
                1.0,
                0.0,
                0.0
            ],
            [
                0.33525179856115106,
                0.12661870503597122,
                0.5381294964028777
            ],
            [
                0.0,
                0.0,
                1.0
            ],
            [
                0.0,
                0.0,
                1.0
            ],
            [
                0.42718446601941745,
                0.02912621359223301,
                0.5436893203883495
            ],
            [
                0.9966996699669967,
                0.0033003300330033004,
                0.0
            ],
            [
                0.0,
                0.0,
                1.0
            ],
            [
                0.4673913043478261,
                0.10869565217391304,
                0.42391304347826086
            ],
            [
                0.9770773638968482,
                0.022922636103151862,
                0.0
            ],
            [
                0.0,
                0.010638297872340425,
                0.9893617021276596
            ],
            [
                0.5517241379310345,
                0.034482758620689655,
                0.41379310344827586
            ],
            [
                0.6888888888888889,
                0.06666666666666667,
                0.24444444444444444
            ],
            [
                0.9533468559837728,
                0.04056795131845842,
                0.006085192697768763
            ],
            [
                1.0,
                0.0,
                0.0
            ],
            [
                0.8636363636363636,
                0.13636363636363635,
                0.0
            ],
            [
                0.0,
                0.9455930359085963,
                0.0544069640914037
            ],
            [
                0.19230769230769232,
                0.028846153846153848,
                0.7788461538461539
            ],
            [
                0.9857594936708861,
                0.0,
                0.014240506329113924
            ],
            [
                0.9858889934148636,
                0.010348071495766699,
                0.0037629350893697085
            ],
            [
                0.008849557522123894,
                0.20353982300884957,
                0.7876106194690266
            ],
            [
                0.0,
                0.0,
                1.0
            ],
            [
                0.0,
                0.0,
                1.0
            ],
            [
                0.0,
                0.0,
                1.0
            ],
            [
                1.0,
                0.0,
                0.0
            ],
            [
                0.0,
                0.5228070175438596,
                0.47719298245614034
            ],
            [
                1.0,
                0.0,
                0.0
            ],
            [
                0.0,
                0.0,
                1.0
            ],
            [
                0.965034965034965,
                0.026223776223776224,
                0.008741258741258742
            ],
            [
                0.9454545454545454,
                0.04040404040404041,
                0.014141414141414142
            ],
            [
                0.7361111111111112,
                0.1371527777777778,
                0.1267361111111111
            ],
            [
                0.08333333333333333,
                0.1,
                0.8166666666666667
            ],
            [
                0.0,
                0.03225806451612903,
                0.967741935483871
            ],
            [
                0.7954545454545454,
                0.06818181818181818,
                0.13636363636363635
            ],
            [
                0.9570685169124025,
                0.042931483087597574,
                0.0
            ],
            [
                0.6428571428571429,
                0.13186813186813187,
                0.22527472527472528
            ],
            [
                0.0,
                0.0,
                1.0
            ],
            [
                0.16488222698072805,
                0.029978586723768737,
                0.8051391862955032
            ],
            [
                0.7058823529411765,
                0.24598930481283424,
                0.0481283422459893
            ],
            [
                0.3017241379310345,
                0.0,
                0.6982758620689655
            ],
            [
                0.9244117647058824,
                0.03529411764705882,
                0.04029411764705882
            ],
            [
                0.9690018598884067,
                0.0030998140111593306,
                0.027898326100433975
            ],
            [
                0.06040268456375839,
                0.020134228187919462,
                0.9194630872483222
            ],
            [
                0.8419540229885057,
                0.02586206896551724,
                0.13218390804597702
            ],
            [
                0.7638888888888888,
                0.10416666666666667,
                0.13194444444444445
            ],
            [
                0.0,
                0.0,
                1.0
            ],
            [
                0.8936170212765957,
                0.031914893617021274,
                0.07446808510638298
            ],
            [
                0.0,
                0.0,
                1.0
            ],
            [
                0.42857142857142855,
                0.15714285714285714,
                0.4142857142857143
            ],
            [
                0.0,
                0.06153846153846154,
                0.9384615384615385
            ],
            [
                0.0,
                0.0,
                0.0
            ],
            [
                0.23333333333333334,
                0.45,
                0.31666666666666665
            ],
            [
                0.8795934323690383,
                0.11024237685691947,
                0.010164190774042221
            ],
            [
                0.4573643410852713,
                0.0,
                0.5426356589147286
            ],
            [
                0.1972318339100346,
                0.10380622837370242,
                0.698961937716263
            ],
            [
                0.0,
                0.0,
                1.0
            ],
            [
                0.22641509433962265,
                0.0,
                0.7735849056603774
            ],
            [
                0.0,
                0.007782101167315175,
                0.9922178988326849
            ],
            [
                0.6195652173913043,
                0.03260869565217391,
                0.34782608695652173
            ],
            [
                0.9125874125874126,
                0.03146853146853147,
                0.055944055944055944
            ],
            [
                0.9440993788819876,
                0.055900621118012424,
                0.0
            ],
            [
                0.8852643419572553,
                0.09673790776152981,
                0.01799775028121485
            ],
            [
                0.0,
                0.0,
                1.0
            ],
            [
                0.920099875156055,
                0.03620474406991261,
                0.04369538077403246
            ],
            [
                0.9268817204301075,
                0.016344086021505378,
                0.0567741935483871
            ],
            [
                0.21875,
                0.0,
                0.78125
            ],
            [
                0.7457831325301205,
                0.0,
                0.25421686746987954
            ],
            [
                0.390282131661442,
                0.0,
                0.609717868338558
            ],
            [
                0.0,
                0.021739130434782608,
                0.9782608695652174
            ],
            [
                0.0,
                0.0,
                1.0
            ],
            [
                0.34831460674157305,
                0.10112359550561797,
                0.550561797752809
            ],
            [
                1.0,
                0.0,
                0.0
            ],
            [
                0.05454545454545454,
                0.00267379679144385,
                0.9427807486631016
            ],
            [
                0.0,
                0.3467741935483871,
                0.6532258064516129
            ],
            [
                0.8306784660766962,
                0.07492625368731563,
                0.0943952802359882
            ],
            [
                0.29577464788732394,
                0.09859154929577464,
                0.6056338028169014
            ],
            [
                0.962800875273523,
                0.037199124726477024,
                0.0
            ],
            [
                0.29411764705882354,
                0.007202881152460984,
                0.6986794717887155
            ],
            [
                0.9207920792079208,
                0.07673267326732673,
                0.0024752475247524753
            ],
            [
                0.19086021505376344,
                0.01881720430107527,
                0.7903225806451613
            ],
            [
                0.0,
                0.03225806451612903,
                0.967741935483871
            ],
            [
                0.8512658227848101,
                0.13924050632911392,
                0.00949367088607595
            ],
            [
                0.0,
                0.4961832061068702,
                0.5038167938931297
            ],
            [
                0.09395973154362416,
                0.0,
                0.9060402684563759
            ],
            [
                0.0,
                0.019130434782608695,
                0.9808695652173913
            ],
            [
                0.2857142857142857,
                0.047619047619047616,
                0.6666666666666666
            ],
            [
                0.0,
                0.0,
                1.0
            ],
            [
                0.5416666666666666,
                0.0,
                0.4583333333333333
            ],
            [
                0.040123456790123455,
                0.018518518518518517,
                0.941358024691358
            ],
            [
                0.1935483870967742,
                0.06451612903225806,
                0.7419354838709677
            ],
            [
                0.0,
                0.0,
                1.0
            ],
            [
                0.05656108597285068,
                0.0,
                0.9434389140271493
            ],
            [
                0.2,
                0.0,
                0.8
            ],
            [
                0.0,
                0.0,
                1.0
            ],
            [
                0.0,
                0.0,
                1.0
            ],
            [
                0.0,
                0.0037174721189591076,
                0.9962825278810409
            ],
            [
                0.0,
                0.0,
                1.0
            ],
            [
                0.2717391304347826,
                0.021739130434782608,
                0.7065217391304348
            ],
            [
                0.7958656330749354,
                0.13953488372093023,
                0.06459948320413436
            ],
            [
                0.0,
                0.0,
                1.0
            ],
            [
                0.2537313432835821,
                0.08955223880597014,
                0.6567164179104478
            ],
            [
                0.031914893617021274,
                0.014184397163120567,
                0.9539007092198581
            ],
            [
                0.9491133384734002,
                0.04163454124903624,
                0.009252120277563608
            ],
            [
                0.936231884057971,
                0.06376811594202898,
                0.0
            ],
            [
                0.6685714285714286,
                0.05142857142857143,
                0.28
            ],
            [
                0.0,
                0.025,
                0.975
            ],
            [
                0.5879396984924623,
                0.03350083752093802,
                0.3785594639865997
            ],
            [
                0.62,
                0.10666666666666667,
                0.2733333333333333
            ],
            [
                0.7928571428571428,
                0.04285714285714286,
                0.16428571428571428
            ],
            [
                0.625,
                0.026785714285714284,
                0.3482142857142857
            ],
            [
                0.049132947976878616,
                0.14450867052023122,
                0.8063583815028902
            ],
            [
                0.20209059233449478,
                0.03832752613240418,
                0.759581881533101
            ],
            [
                0.7368421052631579,
                0.05263157894736842,
                0.21052631578947367
            ],
            [
                0.255,
                0.015,
                0.73
            ],
            [
                0.7562076749435666,
                0.23702031602708803,
                0.006772009029345372
            ],
            [
                0.4318181818181818,
                0.0,
                0.5681818181818182
            ],
            [
                0.0,
                0.03571428571428571,
                0.9642857142857143
            ],
            [
                0.11855670103092783,
                0.13402061855670103,
                0.7474226804123711
            ],
            [
                0.3275862068965517,
                0.0603448275862069,
                0.6120689655172413
            ],
            [
                0.39473684210526316,
                0.10526315789473684,
                0.5
            ],
            [
                0.3397790055248619,
                0.03038674033149171,
                0.6298342541436464
            ],
            [
                0.3082191780821918,
                0.0547945205479452,
                0.636986301369863
            ],
            [
                0.0,
                0.4031620553359684,
                0.5968379446640316
            ],
            [
                0.0,
                0.0,
                1.0
            ],
            [
                0.012552301255230125,
                0.012552301255230125,
                0.9748953974895398
            ],
            [
                0.0,
                0.0,
                1.0
            ],
            [
                0.959493670886076,
                0.04050632911392405,
                0.0
            ],
            [
                0.10810810810810811,
                0.08108108108108109,
                0.8108108108108109
            ],
            [
                0.24545454545454545,
                0.0,
                0.7545454545454545
            ],
            [
                0.8585858585858586,
                0.10101010101010101,
                0.04040404040404041
            ],
            [
                0.38666666666666666,
                0.04533333333333334,
                0.568
            ],
            [
                0.16326530612244897,
                0.15306122448979592,
                0.6836734693877551
            ],
            [
                0.4807692307692308,
                0.14102564102564102,
                0.3782051282051282
            ],
            [
                1.0,
                0.0,
                0.0
            ],
            [
                0.0,
                0.0,
                1.0
            ],
            [
                0.9269063611220861,
                0.0525483998419597,
                0.020545239035954167
            ],
            [
                0.8661971830985915,
                0.0,
                0.13380281690140844
            ],
            [
                0.08333333333333333,
                0.0,
                0.9166666666666666
            ],
            [
                0.6,
                0.06666666666666667,
                0.3333333333333333
            ],
            [
                0.9459459459459459,
                0.03303303303303303,
                0.021021021021021023
            ],
            [
                0.055350553505535055,
                0.7011070110701108,
                0.24354243542435425
            ],
            [
                0.7922705314009661,
                0.0,
                0.20772946859903382
            ],
            [
                0.2472242783123612,
                0.0,
                0.7527757216876387
            ],
            [
                0.0,
                0.0,
                1.0
            ],
            [
                0.9863013698630136,
                0.0136986301369863,
                0.0
            ],
            [
                0.5739644970414202,
                0.09467455621301775,
                0.33136094674556216
            ],
            [
                0.11570247933884298,
                0.2809917355371901,
                0.6033057851239669
            ],
            [
                0.0859106529209622,
                0.010309278350515464,
                0.9037800687285223
            ],
            [
                0.0,
                0.0,
                1.0
            ],
            [
                0.22058823529411764,
                0.0,
                0.7794117647058824
            ],
            [
                0.875,
                0.0,
                0.125
            ],
            [
                0.053125,
                0.015625,
                0.93125
            ],
            [
                0.0,
                0.0,
                1.0
            ],
            [
                0.8969957081545065,
                0.012875536480686695,
                0.09012875536480687
            ],
            [
                1.0,
                0.0,
                0.0
            ],
            [
                0.21621621621621623,
                0.08108108108108109,
                0.7027027027027027
            ],
            [
                0.9326599326599326,
                0.04264870931537598,
                0.024691358024691357
            ],
            [
                0.0,
                0.18028846153846154,
                0.8197115384615384
            ],
            [
                0.8772013326987149,
                0.0,
                0.12279866730128511
            ],
            [
                0.3509933774834437,
                0.059602649006622516,
                0.5894039735099338
            ],
            [
                0.0,
                0.0,
                1.0
            ],
            [
                0.5989010989010989,
                0.04945054945054945,
                0.3516483516483517
            ],
            [
                1.0,
                0.0,
                0.0
            ],
            [
                0.0,
                0.6629032258064517,
                0.3370967741935484
            ],
            [
                1.0,
                0.0,
                0.0
            ],
            [
                0.0,
                0.0,
                1.0
            ],
            [
                0.4251968503937008,
                0.009448818897637795,
                0.5653543307086614
            ],
            [
                0.15625,
                0.13541666666666666,
                0.7083333333333334
            ],
            [
                0.04296875,
                0.0,
                0.95703125
            ],
            [
                0.38461538461538464,
                0.1282051282051282,
                0.48717948717948717
            ],
            [
                0.0,
                0.0,
                1.0
            ],
            [
                0.0,
                0.0,
                1.0
            ],
            [
                0.2743362831858407,
                0.08849557522123894,
                0.6371681415929203
            ],
            [
                0.9554794520547946,
                0.04452054794520548,
                0.0
            ],
            [
                0.0,
                0.0,
                1.0
            ],
            [
                0.9330357142857143,
                0.029017857142857144,
                0.03794642857142857
            ],
            [
                0.3064798598949212,
                0.04903677758318739,
                0.6444833625218914
            ],
            [
                0.09569377990430622,
                0.004784688995215311,
                0.8995215311004785
            ],
            [
                0.07936507936507936,
                0.31746031746031744,
                0.6031746031746031
            ],
            [
                0.0,
                0.0,
                1.0
            ],
            [
                0.0,
                0.19047619047619047,
                0.8095238095238095
            ],
            [
                0.12650602409638553,
                0.018072289156626505,
                0.8554216867469879
            ],
            [
                0.034013605442176874,
                0.6054421768707483,
                0.36054421768707484
            ],
            [
                0.0,
                0.08,
                0.92
            ],
            [
                0.8082191780821918,
                0.0547945205479452,
                0.136986301369863
            ],
            [
                0.8365758754863813,
                0.08560311284046693,
                0.07782101167315175
            ],
            [
                0.045454545454545456,
                0.13636363636363635,
                0.8181818181818182
            ],
            [
                0.0,
                0.040268456375838924,
                0.959731543624161
            ],
            [
                0.24550898203592814,
                0.17964071856287425,
                0.5748502994011976
            ],
            [
                0.14285714285714285,
                0.1836734693877551,
                0.673469387755102
            ],
            [
                0.4782608695652174,
                0.0,
                0.5217391304347826
            ],
            [
                0.75,
                0.06521739130434782,
                0.18478260869565216
            ],
            [
                0.0,
                0.010752688172043012,
                0.989247311827957
            ],
            [
                0.6605504587155964,
                0.05504587155963303,
                0.28440366972477066
            ],
            [
                0.0,
                0.04878048780487805,
                0.9512195121951219
            ],
            [
                0.7578947368421053,
                0.24210526315789474,
                0.0
            ],
            [
                0.049723756906077346,
                0.049723756906077346,
                0.9005524861878453
            ],
            [
                0.898876404494382,
                0.056179775280898875,
                0.0449438202247191
            ],
            [
                0.9807692307692307,
                0.019230769230769232,
                0.0
            ],
            [
                0.09230769230769231,
                0.4307692307692308,
                0.47692307692307695
            ],
            [
                0.5308641975308642,
                0.12345679012345678,
                0.345679012345679
            ],
            [
                0.9922779922779923,
                0.007722007722007722,
                0.0
            ],
            [
                0.0,
                0.02631578947368421,
                0.9736842105263158
            ],
            [
                0.27611940298507465,
                0.06716417910447761,
                0.6567164179104478
            ],
            [
                0.0,
                0.026615969581749048,
                0.973384030418251
            ],
            [
                0.0,
                0.0,
                1.0
            ],
            [
                0.19672131147540983,
                0.08852459016393442,
                0.7147540983606557
            ],
            [
                0.0,
                0.0,
                1.0
            ],
            [
                0.33035714285714285,
                0.16071428571428573,
                0.5089285714285714
            ],
            [
                0.0,
                0.0,
                1.0
            ],
            [
                0.7614035087719299,
                0.005263157894736842,
                0.23333333333333334
            ],
            [
                0.94,
                0.05333333333333334,
                0.006666666666666667
            ],
            [
                1.0,
                0.0,
                0.0
            ],
            [
                0.9555555555555556,
                0.044444444444444446,
                0.0
            ],
            [
                0.0,
                0.38461538461538464,
                0.6153846153846154
            ],
            [
                0.049019607843137254,
                0.08823529411764706,
                0.8627450980392157
            ],
            [
                0.2962962962962963,
                0.1111111111111111,
                0.5925925925925926
            ]
        ]
    },
    "goose3": {
        "accuracy": 0.05821917808219178,
        "accuracy_std": 0.01357185179340606,
        "f1": 0.37745036681347693,
        "f1_std": 0.030628885007072917,
        "precision": 0.8926894241691049,
        "precision_std": 0.028413530753644806,
        "recall": 0.23932035968065687,
        "recall_std": 0.023805811239261038,
        "tp_fp_fns": [
            [
                0.0,
                0.0,
                1.0
            ],
            [
                1.0,
                0.0,
                0.0
            ],
            [
                0.0,
                0.0,
                1.0
            ],
            [
                0.0,
                0.0,
                1.0
            ],
            [
                0.0,
                0.0,
                1.0
            ],
            [
                0.0,
                0.9261992619926199,
                0.07380073800738007
            ],
            [
                0.9368421052631579,
                0.06315789473684211,
                0.0
            ],
            [
                0.0,
                0.0,
                1.0
            ],
            [
                0.0,
                0.0,
                1.0
            ],
            [
                0.0,
                0.0,
                1.0
            ],
            [
                0.0,
                0.0,
                1.0
            ],
            [
                0.0,
                0.0,
                1.0
            ],
            [
                0.0,
                0.0,
                1.0
            ],
            [
                0.0,
                0.0,
                1.0
            ],
            [
                0.0,
                0.0,
                1.0
            ],
            [
                0.0,
                0.0,
                1.0
            ],
            [
                0.0,
                0.0,
                1.0
            ],
            [
                0.7758007117437722,
                0.06405693950177936,
                0.1601423487544484
            ],
            [
                1.0,
                0.0,
                0.0
            ],
            [
                0.0,
                0.0,
                1.0
            ],
            [
                0.3789090909090909,
                0.0,
                0.6210909090909091
            ],
            [
                0.0,
                0.0,
                1.0
            ],
            [
                0.0,
                0.0,
                1.0
            ],
            [
                0.0,
                0.0,
                1.0
            ],
            [
                0.0,
                0.0,
                1.0
            ],
            [
                0.0,
                0.0,
                1.0
            ],
            [
                0.9073359073359073,
                0.032818532818532815,
                0.059845559845559844
            ],
            [
                0.7817258883248731,
                0.2182741116751269,
                0.0
            ],
            [
                0.9431524547803618,
                0.03875968992248062,
                0.01808785529715762
            ],
            [
                0.9005964214711729,
                0.09940357852882704,
                0.0
            ],
            [
                1.0,
                0.0,
                0.0
            ],
            [
                0.9572798605056669,
                0.007846556233653008,
                0.03487358326068003
            ],
            [
                0.8491525423728814,
                0.09491525423728814,
                0.05593220338983051
            ],
            [
                0.9776295133437991,
                0.02040816326530612,
                0.0019623233908948193
