{
    "dragnet": {
        "accuracy": 0.038461538461538464,
        "accuracy_std": 0.02188738129212105,
        "f1": 0.8597608410914662,
        "f1_std": 0.03077509778662718,
        "precision": 0.8506698449339762,
        "precision_std": 0.031125743452554883,
        "recall": 0.8690482447781039,
        "recall_std": 0.03152103702779322,
        "tp_fp_fns": [
            [
                0.9329050678087081,
                0.014275517487508922,
                0.05281941470378301
            ],
            [
                0.9501915708812261,
                0.0,
                0.04980842911877394
            ],
            [
                0.8416666666666667,
                0.15666666666666668,
                0.0016666666666666668
            ],
            [
                0.0,
                0.41735537190082644,
                0.5826446280991735
            ],
            [
                0.8966480446927374,
                0.008379888268156424,
                0.09497206703910614
            ],
            [
                0.7570215545395167,
                0.21097322011757022,
                0.03200522534291313
            ],
            [
                0.8344155844155844,
                0.15584415584415584,
                0.00974025974025974
            ],
            [
                0.9176904176904177,
                0.07125307125307126,
                0.011056511056511056
            ],
            [
                1.0,
                0.0,
                0.0
            ],
            [
                0.9852125693160814,
                0.014787430683918669,
                0.0
            ],
            [
                0.0,
                0.037642045454545456,
                0.9623579545454546
            ],
            [
                0.9666289592760181,
                0.02319004524886878,
                0.010180995475113122
            ],
            [
                0.0,
                0.024278515803939534,
                0.9757214841960604
            ],
            [
                0.986644407345576,
                0.01335559265442404,
                0.0
            ],
            [
                0.8910256410256411,
                0.00641025641025641,
                0.10256410256410256
            ],
            [
                0.9699074074074074,
                0.03009259259259259,
                0.0
            ],
            [
                0.8787061994609164,
                0.12129380053908356,
                0.0
            ],
            [
                0.5368782161234992,
                0.012006861063464836,
                0.451114922813036
            ],
            [
                0.8356164383561644,
                0.1643835616438356,
                0.0
            ],
            [
                0.8358620689655173,
                0.11586206896551725,
                0.04827586206896552
            ],
            [
                0.9869553874249934,
                0.010435690060005217,
                0.0026089225150013043
            ],
            [
                0.9731136166522116,
                0.02168256721595837,
                0.005203816131830009
            ],
            [
                0.994475138121547,
                0.0055248618784530384,
                0.0
            ],
            [
                0.8962818003913894,
                0.09197651663405088,
                0.011741682974559686
            ],
            [
                0.8613693998309383,
                0.08706677937447169,
                0.05156382079459002
            ],
            [
                0.7273652085452695,
                0.2695829094608342,
                0.003051881993896236
            ],
            [
                0.9520348837209303,
                0.03488372093023256,
                0.01308139534883721
            ],
            [
                0.9606815203145478,
                0.01310615989515072,
                0.02621231979030144
            ],
            [
                0.9933333333333333,
                0.006666666666666667,
                0.0
            ],
            [
                0.8915906788247214,
                0.060790273556231005,
                0.047619047619047616
            ],
            [
                0.9345372460496614,
                0.0,
                0.0654627539503386
            ],
            [
                0.8973214285714286,
                0.041666666666666664,
                0.06101190476190476
            ],
            [
                0.9738219895287958,
                0.020942408376963352,
                0.005235602094240838
            ],
            [
                0.8733552631578947,
                0.07401315789473684,
                0.05263157894736842
            ],
            [
                0.8475452196382429,
                0.13695090439276486,
                0.015503875968992248
            ],
            [
                0.8687089715536105,
                0.11159737417943107,
                0.019693654266958426
            ],
            [
                0.9466666666666667,
                0.006222222222222222,
                0.04711111111111111
            ],
            [
                0.9360525406152782,
                0.0452817144832354,
                0.018665744901486345
            ],
            [
                0.9262697979246314,
                0.070999453850355,
                0.002730748225013654
            ],
            [
                0.5557729941291585,
                0.043052837573385516,
                0.40117416829745595
            ],
            [
                0.9711995249406176,
                0.02315914489311164,
                0.0056413301662707836
            ],
            [
                0.0,
                0.2399193548387097,
                0.7600806451612904
            ],
            [
                0.0,
                0.564935064935065,
                0.43506493506493504
            ],
            [
                0.9728260869565217,
                0.021739130434782608,
                0.005434782608695652
            ],
            [
                0.862015503875969,
                0.12868217054263567,
                0.009302325581395349
            ],
            [
                0.9905123339658444,
                0.008064516129032258,
                0.0014231499051233396
            ],
            [
                0.9224704336399474,
                0.07752956636005257,
                0.0
            ],
            [
                0.9375,
                0.0625,
                0.0
            ],
            [
                0.7051546391752578,
                0.27010309278350514,
                0.024742268041237112
            ],
            [
                0.9649595687331537,
                0.012129380053908356,
                0.022911051212938006
            ],
            [
                0.9690844233055886,
                0.030915576694411414,
                0.0
            ],
            [
                0.8607395751376868,
                0.11408339889850512,
                0.025177025963808025
            ],
            [
                0.9507892293407614,
                0.04085422469823584,
                0.008356545961002786
            ],
            [
                0.9420505200594353,
                0.04457652303120357,
                0.01337295690936107
            ],
            [
                0.9125799573560768,
                0.04584221748400853,
                0.04157782515991471
            ],
            [
                0.8479623824451411,
                0.048589341692789965,
                0.10344827586206896
            ],
            [
                0.8913043478260869,
                0.0,
                0.10869565217391304
            ],
            [
                0.9254752851711027,
                0.07224334600760456,
                0.0022813688212927757
            ],
            [
                0.9300225733634312,
                0.060948081264108354,
                0.009029345372460496
            ],
            [
                1.0,
                0.0,
                0.0
            ],
            [
                0.8747609942638623,
                0.03154875717017208,
                0.09369024856596558
            ],
            [
                0.9476409666283084,
                0.04372842347525892,
                0.00863060989643268
            ],
            [
                0.8919667590027701,
                0.0,
                0.10803324099722991
            ],
            [
                0.8991793669402111,
                0.05509964830011723,
                0.04572098475967175
            ],
            [
                0.9147869674185464,
                0.05012531328320802,
                0.03508771929824561
            ],
            [
                0.6153028692879915,
                0.15196599362380447,
                0.23273113708820403
            ],
            [
                0.8617363344051447,
                0.0,
                0.1382636655948553
            ],
            [
                0.9534336782690499,
                0.03574788334901223,
                0.010818438381937912
            ],
            [
                0.0,
                0.1324200913242009,
                0.867579908675799
            ],
            [
                0.70125,
                0.27875,
                0.02
            ],
            [
                0.834924965893588,
                0.14733969986357434,
                0.017735334242837655
            ],
            [
                0.9497282608695652,
                0.050271739130434784,
                0.0
            ],
            [
                0.9186746987951807,
                0.01706827309236948,
                0.0642570281124498
            ],
            [
                1.0,
                0.0,
                0.0
            ],
            [
                0.8795180722891566,
                0.009036144578313253,
                0.11144578313253012
            ],
            [
                0.724233983286908,
                0.2590529247910863,
                0.016713091922005572
            ],
            [
                0.9326599326599326,
                0.013468013468013467,
                0.05387205387205387
            ],
            [
                0.0,
                0.38257575757575757,
                0.6174242424242424
            ]
        ]
    },
    "gparser": {
        "accuracy": 0.02564102564102564,
        "accuracy_std": 0.018650123781301996,
        "f1": 0.8361546135818042,
        "f1_std": 0.03593559249882209,
        "precision": 0.8154224057126741,
        "precision_std": 0.03560723410347168,
        "recall": 0.8579685623464309,
        "recall_std": 0.03718466432282933,
        "tp_fp_fns": [
            [
                0.9611581920903954,
                0.024717514124293787,
                0.014124293785310734
            ],
            [
                0.8432956381260097,
                0.1567043618739903,
                0.0
            ],
            [
                0.9712092130518234,
                0.028790786948176585,
                0.0
            ],
            [
                0.0,
                0.0,
                1.0
            ],
            [
                0.7328767123287672,
                0.18949771689497716,
                0.0776255707762557
            ],
            [
                0.7371167645140247,
                0.21200260926288322,
                0.050880626223091974
            ],
            [
                0.0,
                0.0,
                1.0
            ],
            [
                0.9947368421052631,
                0.005263157894736842,
                0.0
            ],
            [
                0.9967373572593801,
                0.0008156606851549756,
                0.0024469820554649264
            ],
            [
                0.9547553093259464,
                0.01569713758079409,
                0.029547553093259463
            ],
            [
                0.0,
                0.039688164422395464,
                0.9603118355776046
            ],
            [
                0.9816828849456211,
                0.011448196908986834,
                0.006868918145392101
            ],
            [
                0.0,
                0.025617566331198535,
                0.9743824336688015
            ],
            [
                1.0,
                0.0,
                0.0
            ],
            [
                0.9935897435897436,
                0.00641025641025641,
                0.0
            ],
            [
                0.9557109557109557,
                0.023310023310023312,
                0.02097902097902098
            ],
            [
                0.8380462724935732,
                0.16195372750642673,
                0.0
            ],
            [
                0.8547904191616766,
                0.1377245508982036,
                0.0074850299401197605
            ],
            [
                0.9506493506493506,
                0.04935064935064935,
                0.0
            ],
            [
                0.8052980132450331,
                0.1509933774834437,
                0.04370860927152318
            ],
            [
                0.0,
                0.0,
                1.0
            ],
            [
                0.8556451612903225,
                0.09032258064516129,
                0.05403225806451613
            ],
            [
                0.7422680412371134,
                0.25773195876288657,
                0.0
            ],
            [
                0.9004926108374385,
                0.08571428571428572,
                0.013793103448275862
            ],
            [
                0.8664965986394558,
                0.08163265306122448,
                0.05187074829931973
            ],
            [
                0.7114427860696517,
                0.2855721393034826,
                0.0029850746268656717
            ],
            [
                0.9718100890207715,
                0.01483679525222552,
                0.013353115727002967
            ],
            [
                0.7667887667887668,
                0.08058608058608059,
                0.15262515262515264
            ],
            [
                0.9596069868995634,
                0.024017467248908297,
                0.016375545851528384
            ],
            [
                0.9967741935483871,
                0.0032258064516129032,
                0.0
            ],
            [
                0.9955056179775281,
                0.0044943820224719105,
                0.0
            ],
            [
                0.8966521106259098,
                0.06259097525473072,
                0.040756914119359534
            ],
            [
                0.841324200913242,
                0.1461187214611872,
                0.012557077625570776
            ],
            [
                0.9199346405228758,
                0.08006535947712418,
                0.0
            ],
            [
                0.8477157360406091,
                0.15228426395939088,
                0.0
            ],
            [
                0.7875751503006012,
                0.18637274549098196,
                0.026052104208416832
            ],
            [
                1.0,
                0.0,
                0.0
            ],
            [
                0.9924187725631769,
                0.002888086642599278,
                0.004693140794223827
            ],
            [
                0.811841445057702,
                0.14651279478173607,
                0.04164576016056196
            ],
            [
                0.9918864097363083,
                0.008113590263691683,
                0.0
            ],
            [
                0.9368671828469327,
                0.02025014889815366,
                0.04288266825491364
            ],
            [
                0.0,
                0.029601029601029602,
                0.9703989703989704
            ],
            [
                0.0,
                0.20238095238095238,
                0.7976190476190477
            ],
            [
                0.960644007155635,
                0.03398926654740608,
                0.005366726296958855
            ],
            [
                0.9611307420494699,
                0.007067137809187279,
                0.03180212014134275
            ],
            [
                0.9844192634560907,
                0.012747875354107648,
                0.0028328611898017
            ],
            [
                0.925,
                0.025,
                0.05
            ],
            [
                0.9898477157360406,
                0.01015228426395939,
                0.0
            ],
            [
                0.6440677966101694,
                0.3333333333333333,
                0.022598870056497175
            ],
            [
                0.9375,
                0.02526595744680851,
                0.03723404255319149
            ],
            [
                0.9183197199533255,
                0.049008168028004666,
                0.03267211201866978
            ],
            [
                0.9815627743634767,
                0.01141352063213345,
                0.007023705004389816
            ],
            [
                0.9613572101790764,
                0.02639019792648445,
                0.012252591894439209
            ],
            [
                0.9608595548733692,
                0.013046815042210284,
                0.026093630084420567
            ],
            [
                0.9966592427616926,
                0.0033407572383073497,
                0.0
            ],
            [
                0.8683834048640916,
                0.13161659513590845,
                0.0
            ],
            [
                0.8913043478260869,
                0.0,
                0.10869565217391304
            ],
            [
                0.9442231075697212,
                0.027888446215139442,
                0.027888446215139442
            ],
            [
                0.781563126252505,
                0.16633266533066132,
                0.052104208416833664
            ],
            [
                0.992231638418079,
                0.005649717514124294,
                0.00211864406779661
            ],
            [
                0.49951503394762364,
                0.01745877788554801,
                0.4830261881668283
            ],
            [
                0.9916317991631799,
                0.00657501494321578,
                0.0017931858936043037
            ],
            [
                0.978319783197832,
                0.02168021680216802,
                0.0
            ],
            [
                0.8970760233918129,
                0.05730994152046784,
                0.0456140350877193
            ],
            [
                0.8046709129511678,
                0.19532908704883228,
                0.0
            ],
            [
                0.8741258741258742,
                0.06993006993006994,
                0.055944055944055944
            ],
            [
                0.971875,
                0.028125,
                0.0
            ],
            [
                0.9580386610089581,
                0.033474776049033476,
                0.008486562942008486
            ],
            [
                0.0,
                0.028960817717206135,
                0.9710391822827938
            ],
            [
                0.6656460502143294,
                0.29332516840171463,
                0.04102878138395591
            ],
            [
                0.7817258883248731,
                0.2068527918781726,
                0.011421319796954314
            ],
            [
                0.9294436906377205,
                0.051560379918588875,
                0.018995929443690638
            ],
            [
                0.9711442786069652,
                0.025870646766169153,
                0.0029850746268656717
            ],
            [
                0.9931972789115646,
                0.006802721088435374,
                0.0
            ],
            [
                0.9909638554216867,
                0.009036144578313253,
                0.0
            ],
            [
                0.7560240963855421,
                0.19879518072289157,
                0.045180722891566265
            ],
            [
                0.7347480106100795,
                0.22281167108753316,
                0.042440318302387266
            ],
            [
                0.0,
                0.0,
                1.0
            ]
        ]
    },
    "gparser_machinev2": {
        "accuracy": 0.01282051282051282,
        "accuracy_std": 0.012846147467902372,
        "f1": 0.7486697636377136,
        "f1_std": 0.04194604781891823,
        "precision": 0.7291301955612087,
        "precision_std": 0.04116012154750514,
        "recall": 0.7692854302584444,
        "recall_std": 0.04355632085846879,
        "tp_fp_fns": [
            [
                0.9611581920903954,
                0.024717514124293787,
                0.014124293785310734
            ],
            [
                0.8432956381260097,
                0.1567043618739903,
                0.0
            ],
            [
                0.9712092130518234,
                0.028790786948176585,
                0.0
            ],
            [
                0.0,
                0.19658119658119658,
                0.8034188034188035
            ],
            [
                0.7328767123287672,
                0.18949771689497716,
                0.0776255707762557
            ],
            [
                0.7371167645140247,
                0.21200260926288322,
                0.050880626223091974
            ],
            [
                0.0,
                0.0,
                1.0
            ],
            [
                0.9947368421052631,
                0.005263157894736842,
                0.0
            ],
            [
                0.0,
                0.0,
                1.0
            ],
            [
                0.9547553093259464,
                0.01569713758079409,
                0.029547553093259463
            ],
            [
                0.0,
                0.0,
                1.0
            ],
            [
                0.9816828849456211,
                0.011448196908986834,
                0.006868918145392101
            ],
            [
                0.0,
                0.0,
                1.0
            ],
            [
                0.0,
                0.0,
                1.0
            ],
            [
                0.9935897435897436,
                0.00641025641025641,
                0.0
            ],
            [
                0.9557109557109557,
                0.023310023310023312,
                0.02097902097902098
            ],
            [
                0.8380462724935732,
                0.16195372750642673,
                0.0
            ],
            [
                0.8547904191616766,
                0.1377245508982036,
                0.0074850299401197605
            ],
            [
                0.9506493506493506,
                0.04935064935064935,
                0.0
            ],
            [
                0.7997329773030708,
                0.14419225634178906,
                0.056074766355140186
            ],
            [
                0.0,
                0.0,
                1.0
            ],
            [
                0.8556451612903225,
                0.09032258064516129,
                0.05403225806451613
            ],
            [
                0.7422680412371134,
                0.25773195876288657,
                0.0
            ],
            [
                0.9004926108374385,
                0.08571428571428572,
                0.013793103448275862
            ],
            [
                0.8664965986394558,
                0.08163265306122448,
                0.05187074829931973
            ],
            [
                0.7114427860696517,
                0.2855721393034826,
                0.0029850746268656717
            ],
            [
                0.9718100890207715,
                0.01483679525222552,
                0.013353115727002967
            ],
            [
                0.7667887667887668,
                0.08058608058608059,
                0.15262515262515264
            ],
            [
                0.9596069868995634,
                0.024017467248908297,
                0.016375545851528384
            ],
            [
                0.9967741935483871,
                0.0032258064516129032,
                0.0
            ],
            [
                0.9955056179775281,
                0.0044943820224719105,
                0.0
            ],
            [
                0.8966521106259098,
                0.06259097525473072,
                0.040756914119359534
            ],
            [
                0.841324200913242,
                0.1461187214611872,
                0.012557077625570776
            ],
            [
                0.9199346405228758,
                0.08006535947712418,
                0.0
            ],
            [
                0.9461756373937678,
                0.053824362606232294,
                0.0
            ],
            [
                0.7875751503006012,
                0.18637274549098196,
                0.026052104208416832
            ],
            [
                1.0,
                0.0,
                0.0
            ],
            [
                0.9924187725631769,
                0.002888086642599278,
                0.004693140794223827
            ],
            [
                0.811841445057702,
                0.14651279478173607,
                0.04164576016056196
            ],
            [
                0.9918864097363083,
                0.008113590263691683,
                0.0
            ],
            [
                0.0,
                0.0,
                1.0
            ],
            [
                0.0,
                0.034571062740076826,
                0.9654289372599232
            ],
            [
                0.0,
                0.2872340425531915,
                0.7127659574468085
            ],
            [
                0.960644007155635,
                0.03398926654740608,
                0.005366726296958855
            ],
            [
                0.9611307420494699,
                0.007067137809187279,
                0.03180212014134275
            ],
            [
                0.0,
                0.0,
                1.0
            ],
            [
                0.925,
                0.025,
                0.05
            ],
            [
                0.9898477157360406,
                0.01015228426395939,
                0.0
            ],
            [
                0.6440677966101694,
                0.3333333333333333,
                0.022598870056497175
            ],
            [
                0.9435695538057742,
                0.03805774278215223,
                0.01837270341207349
            ],
            [
                0.9183197199533255,
                0.049008168028004666,
                0.03267211201866978
            ],
            [
                0.9815627743634767,
                0.01141352063213345,
                0.007023705004389816
            ],
            [
                0.9613572101790764,
                0.02639019792648445,
                0.012252591894439209
            ],
            [
                0.0,
                0.0,
                1.0
            ],
            [
                0.9966592427616926,
                0.0033407572383073497,
                0.0
            ],
            [
                0.0,
                0.0,
                1.0
            ],
            [
                0.8913043478260869,
                0.0,
                0.10869565217391304
            ],
            [
                0.9442231075697212,
                0.027888446215139442,
                0.027888446215139442
            ],
            [
                0.781563126252505,
                0.16633266533066132,
                0.052104208416833664
            ],
            [
                0.0,
                0.0,
                1.0
            ],
            [
                0.49951503394762364,
                0.01745877788554801,
                0.4830261881668283
            ],
            [
                0.9916317991631799,
                0.00657501494321578,
                0.0017931858936043037
            ],
            [
                0.978319783197832,
                0.02168021680216802,
                0.0
            ],
            [
                0.8970760233918129,
                0.05730994152046784,
                0.0456140350877193
            ],
            [
                0.8046709129511678,
                0.19532908704883228,
                0.0
            ],
            [
                0.8741258741258742,
                0.06993006993006994,
                0.055944055944055944
            ],
            [
                0.971875,
                0.028125,
                0.0
            ],
            [
                0.9508656995788488,
                0.04071127749181095,
                0.008423022929340197
            ],
            [
                0.0,
                0.04522613065326633,
                0.9547738693467337
            ],
            [
                0.6656460502143294,
                0.29332516840171463,
                0.04102878138395591
            ],
            [
                0.7817258883248731,
                0.2068527918781726,
                0.011421319796954314
            ],
            [
                0.9294436906377205,
                0.051560379918588875,
                0.018995929443690638
            ],
            [
                0.9711442786069652,
                0.025870646766169153,
                0.0029850746268656717
            ],
            [
                0.9931972789115646,
                0.006802721088435374,
                0.0
            ],
            [
                0.9909638554216867,
                0.009036144578313253,
                0.0
            ],
            [
                0.7560240963855421,
                0.19879518072289157,
                0.045180722891566265
            ],
            [
                0.7347480106100795,
                0.22281167108753316,
                0.042440318302387266
            ],
            [
                0.0,
                0.17468354430379746,
                0.8253164556962025
            ]
        ]
    },
    "news_please": {
        "accuracy": 0.08974358974358974,
        "accuracy_std": 0.032020081834221725,
        "f1": 0.8063847536194508,
        "f1_std": 0.039339989514649225,
        "precision": 0.7975319414681507,
        "precision_std": 0.03890210564549854,
        "recall": 0.8154363089099388,
        "recall_std": 0.04108031542634417,
        "tp_fp_fns": [
            [
                0.9793447293447294,
                0.01638176638176638,
                0.004273504273504274
            ],
            [
                0.9447619047619048,
                0.005714285714285714,
                0.049523809523809526
            ],
            [
                0.9148550724637681,
                0.08333333333333333,
                0.0018115942028985507
            ],
            [
                0.0,
                0.11041009463722397,
                0.889589905362776
            ],
            [
                0.8966480446927374,
                0.008379888268156424,
                0.09497206703910614
            ],
            [
                0.7381864623243933,
                0.22860791826309068,
                0.033205619412515965
            ],
            [
                0.7981366459627329,
                0.19254658385093168,
                0.009316770186335404
            ],
            [
                1.0,
                0.0,
                0.0
            ],
            [
                0.9759807846277022,
                0.01921537229783827,
                0.004803843074459567
            ],
            [
                0.9852125693160814,
                0.014787430683918669,
                0.0
            ],
            [
                0.0,
                0.0,
                1.0
            ],
            [
                0.8184865900383141,
                0.1728927203065134,
                0.008620689655172414
            ],
            [
                0.0,
                0.0,
                1.0
            ],
            [
                0.9943914750420639,
                0.005608524957936063,
                0.0
            ],
            [
                0.8910256410256411,
                0.00641025641025641,
                0.10256410256410256
            ],
            [
                1.0,
                0.0,
                0.0
            ],
            [
                0.8716577540106952,
                0.12834224598930483,
                0.0
            ],
            [
                0.8104667609618105,
                0.18528995756718528,
                0.004243281471004243
            ],
            [
                0.9408740359897172,
                0.05912596401028278,
                0.0
            ],
            [
                0.8398914518317503,
                0.13025780189959293,
                0.029850746268656716
            ],
            [
                0.9695340501792115,
                0.028929851510496672,
                0.0015360983102918587
            ],
            [
                0.9532710280373832,
                0.041631265930331354,
                0.005097706032285472
            ],
            [
                0.994475138121547,
                0.0055248618784530384,
                0.0
            ],
            [
                0.9051383399209486,
                0.08300395256916997,
                0.011857707509881422
            ],
            [
                0.854149203688181,
                0.09471919530595138,
                0.05113160100586756
            ],
            [
                0.8959899749373433,
                0.10025062656641603,
                0.0037593984962406013
            ],
            [
                0.9650400582665696,
                0.03277494537509104,
                0.0021849963583394027
            ],
            [
                0.0,
                0.0,
                1.0
            ],
            [
                0.0,
                0.0,
                1.0
            ],
            [
                0.7589013224821973,
                0.056968463886063074,
                0.18413021363173956
            ],
            [
                0.9303370786516854,
                0.0044943820224719105,
                0.0651685393258427
            ],
            [
                0.0,
                0.0,
                1.0
            ],
            [
                0.9701686121919585,
                0.029831387808041506,
                0.0
            ],
            [
                0.8909395973154363,
                0.05536912751677853,
                0.053691275167785234
            ],
            [
                0.8586387434554974,
                0.1256544502617801,
                0.015706806282722512
            ],
            [
                0.9022222222222223,
                0.09777777777777778,
                0.0
            ],
            [
                0.9893522626441881,
                0.007985803016858917,
                0.0026619343389529724
            ],
            [
                0.9560401523018346,
                0.04395984769816545,
                0.0
            ],
            [
                0.9197396963123644,
                0.07754880694143167,
                0.0027114967462039045
            ],
            [
                0.9078694817658349,
                0.061420345489443376,
                0.030710172744721688
            ],
            [
                0.9566871524729295,
                0.03716710564822944,
                0.006145741878841089
            ],
            [
                0.0,
                0.04918032786885246,
                0.9508196721311475
            ],
            [
                0.0,
                0.49242424242424243,
                0.5075757575757576
            ],
            [
                0.0,
                0.0,
                1.0
            ],
            [
                1.0,
                0.0,
                0.0
            ],
            [
                0.9844192634560907,
                0.012747875354107648,
                0.0028328611898017
            ],
            [
                0.9971590909090909,
                0.002840909090909091,
                0.0
            ],
            [
                1.0,
                0.0,
                0.0
            ],
            [
                0.8805970149253731,
                0.11940298507462686,
                0.0
            ],
            [
                0.0,
                0.0,
                1.0
            ],
            [
                1.0,
                0.0,
                0.0
            ],
            [
                0.8607395751376868,
                0.11408339889850512,
                0.025177025963808025
            ],
            [
                1.0,
                0.0,
                0.0
            ],
            [
                0.9420505200594353,
                0.04457652303120357,
                0.01337295690936107
            ],
            [
                0.9437367303609342,
                0.049893842887473464,
                0.006369426751592357
            ],
            [
                0.8912685337726524,
                0.0,
                0.10873146622734761
            ],
            [
                0.989247311827957,
                0.010752688172043012,
                0.0
            ],
            [
                0.9983633387888707,
                0.0016366612111292963,
                0.0
            ],
            [
                0.8710359408033826,
                0.12050739957716702,
                0.008456659619450317
            ],
            [
                0.9866291344123856,
                0.009148486980999296,
                0.00422237860661506
            ],
            [
                0.1441263573543929,
                0.0,
                0.8558736426456071
            ],
            [
                0.9427590154550658,
                0.048654836863194044,
                0.008586147681740127
            ],
            [
                0.8919667590027701,
                0.0,
                0.10803324099722991
            ],
            [
                0.8991793669402111,
                0.05509964830011723,
                0.04572098475967175
            ],
            [
                0.9240506329113924,
                0.04050632911392405,
                0.035443037974683546
            ],
            [
                0.9570552147239264,
                0.020858895705521473,
                0.022085889570552148
            ],
            [
                0.8745980707395499,
                0.0,
                0.12540192926045016
            ],
            [
